# UTF-8-BOM 解决windows下的乱码问题
# 首个非空字符仅[#st<>=]有效, 其他或空行都会被忽略
# # 注释行
# s  每个应答延时(sleep)n毫秒 默认：s100
# t 消息类型{0=string, 1-hex} 默认: t1
# s和t配置建议在最前面的两行
# < 收到的消息 或 其能唯一识别的前面部分
# > 发送的应答消息(可连续多个). 若连接后需发送应答其前不要有<即可,建议放在文首.
# = 收发消息一样
# 默认是字符串消息 如: 0105
# 字符串的回车换行结尾的消息 如: 0105\n\r
# 十六进制表示的二进制消息(忽略空格)  如: 02 30 31 30 35 03
# 十六进制的回车(0x0D)换行(0x0A)结尾的消息 如: 24 00 31 32 33 0D 0A
# #组合说明: 有效字符的个数[0,1,n]
# | <个数[] |  >个数 |  =个数 |  说明  |
# | 0 |  0 |  0 |   NA |
# | 0 |  0 |  1 |  1消息1应答  |
# | 0 |  0 |  n |  =>001  |
# | 0 |  1 |  0 |  连接立即1应答  |
# | 0 |  1 |  1 |  连接立即1应答, 1消息1应答  |
# | 0 |  1 |  n |  =>011  |
# | 0 |  n |  0 |  连接立即n应答  |
# | 0 |  n |  1 |  连接立即n应答, 1消息1应答  |
# | 0 |  n |  n | =>0n1   |
# | 1 |  0 |  0 |  NA: 1消息,后续>或=的应答  |
# | 1 |  0 |  1 |  1+1消息分别都是这1应答  |
# | 1 |  0 |  n |  =>101  |
# | 1 |  1 |  0 |  1消息1应答  |
# | 1 |  1 |  1 |  1消息1应答,1消息1应答  |
# | 1 |  1 |  n |  =>111  |
# | 1 |  n |  0 |   1消息n应答 |
# | 1 |  n |  1 |  1消息n应答,1消息1应答  |
# | 1 |  n |  n |  =>1n1  |
# | n |  0 |  0 |  NA: n消息,后续>或=的应答  |
# | n |  0 |  1 |  n+1消息分别都是这1应答  |
# | n |  0 |  n |  =>n01  |
# | n |  1 |  0 |  n消息分别都是这1应答  |
# | n |  1 |  1 |  n消息分别都是这1应答，1消息1应答  |
# | n |  1 |  n |  =>n11  |
# | n |  n |  0 |  n消息分别都是这n应答  |
# | n |  n |  1 |   n消息分别都是这n应答，1消息1应答 |
# | n |  n |  n |  =>nn1  |

# 设置消息类型和应答延时时间
t1
s1000

# Odor 私有协议

# 连接后需发送应答
#> 
#>


< 02 30 31 30 35 03
> 02 38 31 30 35 30 30 30 31 03
> 02 38 34 31 30 32 31 30 33 31 34 31 36 33 39 32 30 30 30 30 30 30 33 39 34 30 32 39 46 30 30 30 30 30 30 30 30 30 30 30 30 30 30 30 30 30 30 30 30 03
> 02 38 34 31 30 32 31 30 33 31 34 31 36 33 39 32 31 30 30 30 30 30 33 39 34 30 32 39 46 30 30 30 30 30 30 30 30 30 30 30 30 30 30 30 30 30 30 30 30 03
> 02 38 34 31 30 32 31 30 33 31 34 31 36 33 39 32 32 30 30 30 30 30 33 39 34 30 32 42 32 30 30 30 30 30 30 30 30 30 30 30 30 30 30 30 30 30 30 30 30 03
> 02 38 34 31 30 32 31 30 33 31 31 31 31 34 38 35 32 30 30 30 30 30 33 38 35 30 32 44 31 30 30 30 30 30 30 30 30 30 30 30 30 30 30 30 30 30 30 30 30 03
> 02 38 34 31 30 32 31 30 33 31 31 31 31 34 38 35 33 30 30 30 30 30 33 38 35 30 32 44 31 30 30 30 30 30 30 30 30 30 30 30 30 30 30 30 30 30 30 30 30 03


< 02 30 31 30 36 03
> 02 38 31 30 36 30 30 30 31 03

< 02 30 31 30 37 03
> 02 38 31 30 37 30 30 30 31 03
> 02 38 34 31 30 32 31 30 33 31 34 31 36 33 39 32 38 30 30 30 30 30 33 43 43 30 33 30 38 30 30 30 30 30 30 30 30 30 30 30 30 30 30 30 30 30 30 30 30 03
> 02 38 34 31 30 32 31 30 33 31 34 31 36 33 39 32 39 30 30 30 30 30 33 43 43 30 33 30 38 30 30 30 30 30 30 30 30 30 30 30 30 30 30 30 30 30 30 30 30 03
> 02 38 34 31 30 32 31 30 33 31 34 31 36 33 39 33 30 30 30 30 30 30 33 42 31 30 32 42 37 30 30 30 30 30 30 30 30 30 30 30 30 30 30 30 30 30 30 30 30 03
> 02 38 34 31 30 32 31 30 33 31 31 31 31 34 38 35 31 30 30 30 30 30 33 37 45 30 32 41 37 30 30 30 30 30 30 30 30 30 30 30 30 30 30 30 30 30 30 30 30 03
> 02 38 34 31 30 32 31 30 33 31 31 31 31 34 38 35 31 30 30 30 30 30 33 37 45 30 32 41 37 30 30 30 30 30 30 30 30 30 30 30 30 30 30 30 30 30 30 30 30 03

< 02 30 31 30 38 03
> 02 38 31 30 38 30 30 30 31 03


< 02 30 31 34 38 03
> 02 38 31 34 38 30 30 30 31 03


< 02 30 31 35 35 
> 02 38 31 35 35 30 30 30 31 03

< 02 30 31 35 36 
> 02 38 31 35 36 30 30 30 31 03


#< 02 30 32 32 37 32 30 32 31 30 33 31 34 31 36 33 38 35 30 03
< 02 30 32 32 37
> 02 38 32 32 37 30 30 30 31 03

#< 02 30 32 31 35 30 30 30 30 30 30 34 38 30 30 30 31 30 30 30 30 30 30 30 31 30 30 30 30 03
< 02 30 32 31 35 
> 02 38 32 31 35 30 30 30 31 03

#< 02 30 32 31 36 30 30 30 31 30 30 33 43 30 30 30 31 30 30 30 30 30 30 30 31 30 30 30 30 30 30 30 30 03
< 02 30 32 31 36 
> 02 38 32 31 36 30 30 30 31 03

#< 02 30 32 31 37 30 30 30 31 30 30 35 33 30 30 30 31 30 30 30 30 30 30 30 31 30 30 30 30 30 30 30 30 03
< 02 30 32 31 37 
> 02 38 32 31 37 30 30 30 31 03


< 02 30 33 31 35 03
> 02 38 33 31 35 30 30 30 31 30 30 30 30 30 30 34 38 30 30 30 31 30 30 30 30 30 30 30 31 30 30 30 30 03

< 02 30 33 31 36 03
> 02 38 33 31 36 30 30 30 31 30 30 30 31 30 30 33 44 30 30 30 31 30 30 30 30 30 30 30 31 30 30 30 30 30 30 30 30 03

< 02 30 33 31 37 03
> 02 38 33 31 37 30 30 30 31 30 30 30 31 30 30 35 33 30 30 30 31 30 30 30 30 30 30 30 31 30 30 30 30 30 30 30 30 03